73.70796
73.7415
73.73243
73.74459
73.73006
73.70291
73.73638
73.72531
73.7289
73.73444
73.73356
73.74262
73.74204
73.74373
73.73327
73.73232
73.75337
73.71515
90.77061
90.79106
90.78276
90.77363
90.78039
90.76286
90.7775
90.77713
90.76481
90.77246
90.79082
90.76635
90.78151
90.79383
90.76951
90.75216
90.76461
90.77952
90.76841
90.77152
90.75251
90.76043
90.76631
90.78319
90.77188
90.78192
90.76909
90.7713
90.77647
90.77209
90.75952
90.78323
90.76368
90.7624
90.76884
90.77141
90.76557
90.77973
90.76855
90.76861
90.77248
90.79338
90.76455
90.7647
90.76328
90.75418
90.74862
90.78141
90.77882
90.76779
90.77339
90.76076
90.76642
90.77456
90.77056999999999
90.77088
90.76432
90.76602
90.76671
90.76224
90.78101
90.76994
90.77481
90.78465
