4655
70
96
45 93 87 56 2 27 16 54 87 9 21 58 10 38 52 52 41 63 24 38 11 45 34 74 18 14 63 58 11 54 29 8 66 69 74 24 44 24 68 90 20 80 58 60 78 73 42 50 51 52 84 43 33 15 5 0 44 23 0 40 3 81 53 73 86 43 11 27 22 70 76 42 36 1 6 32 16 98 1 67 38 18 16 49 48 66 46 85 91 24 55 67 14 9 97 75
24 87 96 40 82 90 80 88 83 53 98 64 22 21 14 23 66 1 49 70 59 75 64 15 62 76 76 64 71 6 63 41 82 74 77 56 68 51 42 1 50 0 31 4 67 80 20 82 16 79 74 22 13 55 6 49 11 73 63 20 6 100 87 49 6 42 8 15 83 20 78 64 48 61 62 94 21 13 41 71 77 14 5 94 27 54 69 79 44 44 46 93 68 3 18 42
20 77 84 59 12 36 29 11 65 44 72 84 70 93 35 61 64 96 0 97 92 55 39 85 19 3 15 98 7 22 17 17 22 91 8 0 8 8 29 81 36 36 23 76 4 84 99 84 47 32 35 10 4 82 5 75 9 62 47 46 67 10 44 36 77 51 99 57 63 98 68 92 12 93 18 62 13 78 40 29 70 4 18 55 3 78 12 91 30 48 34 39 4 10 47 63
72 3 55 58 78 76 89 61 93 38 13 54 18 39 100 82 60 22 55 95 11 32 87 10 25 31 76 95 5 34 6 80 79 15 67 74 55 35 84 21 25 46 58 83 12 86 95 6 91 17 45 65 33 12 23 78 98 48 28 34 88 29 90 39 45 76 1 12 22 4 53 14 58 64 50 88 46 100 54 28 27 24 30 85 61 23 37 32 48 77 75 39 0 67 18 76
82 84 82 68 45 74 58 80 5 80 53 13 11 78 78 9 41 38 22 77 54 66 44 49 80 32 98 56 71 34 78 39 24 48 45 93 72 28 8 83 25 82 83 2 30 26 51 91 25 74 63 32 71 38 60 46 59 90 38 71 21 16 68 94 60 21 53 17 42 95 1 17 65 24 99 23 85 60 25 70 74 80 65 15 25 93 62 91 72 73 20 67 12 81 17 88
19 79 69 98 44 55 48 63 12 55 47 79 76 15 65 22 78 24 7 67 52 60 62 27 42 21 19 94 6 64 7 62 22 63 5 80 100 10 81 1 77 31 99 97 22 30 38 25 14 69 23 86 37 33 30 15 34 3 100 65 97 16 100 82 42 10 96 26 66 36 66 45 94 54 98 87 70 4 53 99 65 46 69 54 29 27 90 49 7 63 19 19 34 6 83 53
99 68 76 62 91 67 71 54 25 60 3 22 70 54 41 13 84 28 32 57 29 27 82 81 48 43 32 92 83 13 56 45 96 35 95 99 74 8 66 45 4 65 96 58 35 82 59 4 5 94 60 73 2 10 55 26 71 0 94 66 66 62 40 43 89 22 88 68 41 15 87 83 23 62 90 56 49 30 53 78 51 61 26 60 8 30 54 12 26 87 93 50 5 12 22 36
20 30 31 85 71 12 19 64 89 82 58 38 21 39 82 17 96 44 16 30 0 83 48 86 72 23 89 50 5 4 82 40 67 55 67 63 78 72 74 43 19 91 12 19 31 94 15 44 32 44 92 77 79 9 92 24 55 42 76 97 82 95 8 19 69 35 76 62 33 24 61 79 63 60 18 2 64 13 98 49 99 56 51 35 97 34 93 77 42 13 24 67 2 57 1 5
93 96 73 64 80 1 14 52 93 78 10 21 54 10 58 62 66 25 66 44 74 6 79 66 16 25 24 47 89 20 49 88 47 79 16 17 37 93 35 39 59 78 1 86 96 78 5 3 14 92 1 51 25 22 41 7 88 65 56 66 1 22 27 29 43 64 18 67 89 42 59 20 3 59 29 59 82 13 51 73 9 85 66 70 99 45 99 24 69 4 91 64 100 70 53 44
48 33 56 88 25 22 33 32 82 32 75 61 77 98 9 97 77 95 5 88 99 24 74 80 31 13 22 4 85 55 66 79 65 66 26 99 32 73 74 67 36 6 83 7 35 8 52 92 50 78 11 3 78 2 85 73 75 75 76 80 0 76 0 45 15 99 99 60 78 46 49 48 88 94 98 23 37 66 0 62 49 45 83 37 17 51 60 47 48 61 22 38 61 43 95 65
1 93 20 31 92 93 17 30 48 26 72 93 22 38 14 99 86 37 99 98 81 32 98 90 22 57 45 97 22 26 45 38 40 76 73 100 24 14 30 33 23 75 89 96 29 3 8 32 97 38 17 39 46 10 45 56 100 7 85 48 46 36 16 17 81 42 70 48 34 21 10 20 71 71 64 64 18 20 3 52 100 84 81 100 81 47 56 75 59 86 24 11 16 34 69 56
74 41 6 85 13 65 0 25 6 63 71 14 13 66 38 14 30 61 99 72 35 2 20 54 17 59 20 51 46 86 81 51 50 21 97 10 60 24 95 75 29 50 3 84 44 0 44 82 43 33 99 92 61 46 41 28 1 44 76 90 5 42 4 96 16 5 51 12 58 37 90 60 48 67 65 91 40 2 70 20 66 9 60 26 20 40 91 72 7 37 49 98 76 70 43 2
99 84 87 12 9 96 97 89 78 31 31 1 30 68 12 62 30 81 6 20 18 15 49 79 71 16 63 15 15 77 92 13 58 30 71 54 4 28 60 75 90 60 3 87 71 85 100 72 46 7 72 41 88 40 77 8 1 7 58 85 49 95 15 99 67 58 25 50 54 34 35 29 58 82 35 40 2 3 40 69 14 56 11 38 15 61 30 4 16 64 38 99 71 67 27 40
92 70 33 69 57 33 49 90 22 46 50 70 12 10 63 68 61 93 75 9 33 58 27 21 32 53 10 88 18 46 40 8 3 0 71 11 24 27 9 25 44 47 49 0 83 52 30 4 61 47 40 36 27 95 21 11 91 41 32 97 71 15 5 37 85 52 95 52 98 87 39 3 71 98 36 95 7 74 100 23 24 17 16 63 75 71 59 79 71 95 56 66 28 73 76 61
76 79 70 56 36 21 28 86 18 73 25 7 69 27 82 93 36 10 21 43 63 62 34 69 59 13 47 46 52 60 52 8 80 61 47 13 69 15 46 21 92 43 35 36 88 21 95 10 67 90 45 91 49 93 88 84 85 16 67 94 56 10 94 51 61 44 39 49 81 94 20 63 76 60 20 59 91 67 18 89 35 8 70 41 39 36 68 100 98 90 68 2 10 16 31 77
80 34 56 37 8 79 2 53 46 16 61 49 77 87 50 61 0 70 22 86 61 28 34 17 93 94 72 60 4 52 25 61 24 96 100 73 17 40 29 66 40 97 36 59 43 30 67 10 79 45 18 84 72 16 91 18 15 40 4 72 34 78 90 81 36 75 100 65 37 38 18 92 77 89 35 86 99 1 76 99 0 38 24 83 30 11 29 85 0 87 79 28 36 53 99 97
92 71 49 43 66 80 39 11 40 90 8 22 29 97 77 71 33 94 51 43 97 83 3 88 87 25 34 35 84 42 93 35 81 51 35 94 4 73 85 1 97 29 93 95 28 73 40 42 70 87 91 23 42 11 0 98 78 75 57 100 84 1 75 9 59 9 27 23 81 89 1 2 92 28 61 50 38 89 92 31 85 60 9 71 28 93 79 17 32 48 92 7 29 71 95 4
27 91 52 86 100 73 11 66 4 75 61 77 69 76 26 46 15 3 10 72 52 57 53 46 73 87 95 66 24 46 24 37 30 10 65 47 43 50 1 33 72 19 100 66 10 6 21 8 8 37 91 79 96 87 8 1 7 9 66 29 88 9 97 98 63 49 64 27 74 38 5 64 79 37 76 45 23 55 8 86 56 78 55 39 71 98 30 38 16 14 54 86 48 97 56 26
82 63 20 9 29 43 6 68 75 38 51 85 55 36 76 23 86 49 33 89 25 70 90 30 77 55 2 37 67 81 29 3 78 58 78 90 8 74 8 18 79 74 72 65 43 66 47 38 30 82 34 91 81 26 37 47 85 95 87 83 43 71 79 55 30 9 98 18 2 63 88 44 28 86 41 16 31 1 11 66 96 16 56 31 40 29 38 79 82 1 92 96 60 16 0 11
58 90 60 7 63 6 71 74 76 19 7 14 16 83 39 47 84 87 11 10 12 31 70 49 13 34 26 17 90 54 16 42 94 11 24 44 80 30 7 34 18 70 61 100 18 24 68 15 47 96 74 95 21 51 49 94 3 80 29 94 81 45 64 80 25 25 44 18 55 52 21 40 84 47 99 50 28 97 47 81 55 82 95 71 55 68 52 94 45 69 83 81 6 79 84 88
84 81 64 86 61 85 38 95 10 33 15 99 37 1 2 27 14 16 12 86 10 91 17 56 63 12 36 58 81 64 31 17 84 39 94 73 66 81 98 40 97 53 5 78 70 6 19 9 27 70 81 56 21 84 78 74 25 80 59 81 99 38 14 28 4 84 3 61 60 61 82 12 38 81 92 41 57 52 46 100 1 78 52 68 7 15 18 4 42 30 82 38 27 2 57 55
6 73 0 96 17 95 4 70 14 20 77 83 50 8 51 19 96 50 53 7 68 67 90 46 97 52 48 31 56 53 65 18 89 47 7 68 25 71 28 66 84 77 37 34 33 40 4 58 75 73 84 66 49 14 45 55 88 95 36 96 14 34 45 57 24 50 33 71 58 92 58 84 10 34 0 49 1 25 75 53 33 47 79 44 0 59 16 23 96 42 78 80 72 13 34 19
47 80 48 11 76 63 80 95 14 71 61 96 57 87 90 61 61 26 62 85 83 38 67 89 79 28 96 87 52 47 6 32 60 96 19 59 58 29 29 17 6 74 54 62 46 59 8 82 45 72 94 73 13 93 72 27 49 35 1 43 33 55 88 84 81 82 48 19 83 69 61 16 4 39 32 10 77 39 90 21 24 81 66 25 32 76 39 31 90 70 90 56 61 78 64 99
13 13 24 99 57 68 39 42 39 94 59 4 91 84 60 55 31 76 44 18 24 31 86 87 85 74 44 11 97 87 24 61 65 48 29 96 4 17 35 74 37 65 25 27 90 76 57 11 33 23 45 68 79 58 16 19 35 87 14 14 16 35 30 89 17 26 26 100 60 42 42 99 33 69 39 15 19 31 16 95 67 37 46 69 86 11 3 32 29 63 24 42 100 97 70 21
96 89 12 35 27 72 36 85 2 26 41 15 27 100 50 62 89 51 96 1 19 85 3 14 58 14 27 26 25 80 39 63 73 7 73 25 39 92 26 15 5 100 73 34 60 46 0 45 4 33 37 60 1 56 89 69 9 65 50 90 73 54 71 86 33 62 24 12 63 46 94 42 25 90 38 96 72 19 55 48 50 32 80 72 16 46 48 65 49 77 23 4 23 10 66 19
25 90 84 8 18 10 92 27 69 6 32 49 53 36 52 64 39 46 50 69 58 43 1 20 5 17 89 20 10 36 13 82 68 70 8 73 81 46 76 42 72 12 90 16 24 55 76 44 83 41 31 73 77 56 80 34 100 53 20 62 90 82 98 26 20 42 41 82 46 0 66 5 7 16 75 20 19 14 9 1 57 8 66 19 30 92 8 13 41 61 4 82 60 21 45 74
47 3 39 41 5 84 73 27 8 31 26 0 20 58 88 98 57 23 40 22 100 14 1 65 92 57 20 24 35 100 13 27 65 67 90 77 48 23 68 25 72 53 75 34 24 55 25 5 56 63 89 87 52 92 56 26 99 36 46 84 67 87 97 89 79 74 22 3 88 19 19 88 12 48 33 3 16 90 66 50 5 58 29 44 43 87 95 29 11 55 50 74 39 89 64 46
85 27 37 40 39 52 13 44 37 28 43 70 73 86 4 61 99 94 87 10 79 46 48 92 46 52 8 57 10 65 31 1 9 37 6 71 83 30 5 41 5 3 79 8 40 38 73 64 46 100 67 38 43 93 99 20 53 80 20 40 70 29 26 38 0 46 4 42 90 33 84 25 94 22 89 61 29 35 4 79 70 7 67 20 57 2 29 53 83 13 0 73 3 1 53 64
3 97 64 89 82 76 87 45 31 3 58 38 84 30 72 32 56 93 12 65 53 87 34 41 88 78 23 81 62 26 74 79 89 81 47 95 15 13 25 73 92 74 95 5 82 88 85 46 71 28 85 100 98 94 65 81 67 58 20 80 40 78 99 22 36 8 13 15 31 50 86 42 33 32 79 12 52 32 49 47 25 62 47 79 69 72 47 2 38 75 41 45 22 83 98 21
79 87 76 24 70 28 71 81 79 65 65 47 76 78 41 5 84 61 10 5 92 74 65 87 74 80 71 42 66 21 78 95 92 8 55 38 50 20 21 55 71 57 42 17 70 30 21 2 69 37 45 77 51 1 35 28 46 99 71 69 8 29 6 25 18 0 9 99 8 30 74 34 25 87 11 62 92 89 40 99 91 25 54 67 91 38 36 49 91 50 76 34 76 58 49 74
50 100 49 63 8 21 35 22 86 14 54 59 88 44 93 5 49 45 76 38 38 13 11 33 43 18 90 10 89 3 36 6 1 50 16 58 28 29 57 3 49 1 39 33 97 29 98 88 90 73 14 95 19 47 32 83 35 30 89 85 76 80 58 1 15 0 3 19 83 84 33 93 4 90 83 83 38 66 87 56 58 7 81 43 99 19 67 47 59 78 41 1 90 65 62 10
84 54 96 18 59 33 23 73 99 42 80 16 46 72 67 75 81 41 39 43 33 26 32 14 86 55 91 39 54 27 85 95 52 23 19 21 12 38 2 71 15 100 90 7 12 76 50 14 62 71 21 43 13 67 45 0 57 14 29 16 91 68 37 10 76 94 4 77 10 73 71 25 4 92 37 99 14 16 5 25 61 49 48 60 60 0 34 16 53 10 43 29 56 25 12 99
20 6 54 24 39 55 37 83 80 37 16 56 91 61 3 67 61 8 67 100 4 39 70 55 83 85 81 13 54 27 65 94 33 27 83 28 88 82 34 89 13 38 10 63 62 69 2 100 35 83 46 91 78 33 25 34 11 81 17 79 28 75 77 66 45 60 67 1 56 11 22 72 60 30 92 30 46 48 20 82 18 82 67 0 70 22 44 2 31 17 72 79 19 75 10 45
49 65 38 73 3 0 25 13 91 10 6 69 33 65 65 39 87 82 57 28 99 53 2 25 8 36 98 12 51 52 62 66 63 83 54 24 9 68 63 74 80 95 75 99 32 65 59 55 53 63 75 7 16 31 73 90 16 35 72 99 46 98 80 63 88 69 47 68 93 94 8 54 62 100 51 82 29 0 56 71 38 59 62 66 9 77 99 20 87 81 82 65 45 66 58 93
76 36 85 74 22 81 98 27 35 5 35 70 53 51 87 94 65 6 84 19 41 64 35 90 4 86 22 71 90 55 26 91 74 49 33 78 87 78 43 28 94 9 29 17 30 2 47 97 50 84 45 73 22 39 62 85 80 73 0 63 19 36 60 73 15 83 26 9 69 63 75 88 78 77 33 6 1 30 64 24 0 77 3 53 54 72 78 38 6 92 3 81 16 33 72 32
67 95 80 93 94 3 59 60 31 33 54 78 93 72 23 61 61 71 76 92 25 47 77 56 56 24 82 19 40 63 64 99 41 74 59 86 76 25 1 72 31 82 49 84 27 0 8 0 68 23 90 69 17 94 28 8 63 27 94 23 78 33 82 92 22 34 3 13 98 43 41 31 14 25 9 21 92 62 1 27 30 88 53 5 77 40 62 17 14 31 79 96 19 35 21 15
44 28 94 42 8 2 95 99 1 90 83 2 9 1 75 90 61 13 56 38 67 86 0 83 96 32 14 6 90 22 50 4 18 79 98 20 3 26 27 48 94 76 48 0 73 23 91 59 1 61 60 100 21 99 1 16 6 81 79 63 14 39 75 25 95 78 66 15 58 18 44 98 58 14 71 2 26 69 99 22 36 24 65 97 42 9 43 44 34 27 74 14 46 36 86 1
38 5 13 58 11 95 24 94 94 1 42 1 3 37 69 45 99 6 7 15 29 96 50 95 73 91 49 52 54 50 1 50 88 13 24 13 24 66 92 8 59 4 41 49 83 97 3 48 85 61 89 87 59 49 67 52 78 2 47 17 3 70 92 76 90 21 100 53 40 17 58 74 68 97 33 12 58 30 66 48 63 30 51 36 7 78 25 24 54 32 16 12 9 46 67 62
60 29 89 79 91 89 89 19 40 9 23 35 64 52 69 49 51 32 9 9 17 93 92 89 38 69 43 29 16 33 76 83 14 55 66 74 8 16 56 14 92 67 24 64 29 82 70 77 23 64 51 19 5 21 44 70 27 94 11 72 91 85 76 86 22 87 6 35 7 30 86 91 66 91 58 48 47 16 90 44 34 66 94 69 76 21 96 54 76 8 59 100 80 8 10 82
29 10 73 94 83 29 69 83 92 4 81 90 69 10 53 68 48 4 72 29 95 14 12 60 7 3 78 12 31 5 45 43 29 87 46 51 29 42 55 33 56 77 10 65 16 85 46 14 85 2 59 9 6 54 87 58 95 69 62 82 14 48 1 28 53 73 70 38 81 52 98 53 31 74 27 69 8 44 17 45 90 89 53 64 62 67 18 41 13 11 88 40 19 8 15 74
56 99 61 90 62 19 79 13 29 22 38 42 87 55 13 95 37 54 81 79 16 64 55 61 34 17 61 89 68 80 34 57 53 5 51 42 82 63 98 76 36 84 53 44 88 76 25 6 63 73 54 55 19 29 89 73 99 54 17 22 51 22 65 10 42 97 24 34 33 88 46 29 46 26 67 53 97 1 30 78 96 91 55 55 33 69 80 55 43 57 63 56 14 13 70 18
1 83 41 92 70 61 0 34 53 59 79 87 13 9 89 51 13 46 31 73 18 52 43 80 59 10 97 26 15 93 53 68 6 27 48 50 4 70 5 95 93 27 55 39 36 67 6 45 45 46 48 99 34 13 34 25 96 50 9 4 18 7 90 90 21 25 44 69 27 51 27 55 14 65 52 95 46 45 78 37 49 18 68 74 61 79 74 42 64 43 61 23 78 26 74 66
72 17 43 59 60 8 80 83 78 69 92 92 7 42 92 73 12 21 49 46 39 15 92 18 60 19 79 74 67 2 20 31 57 81 74 55 60 55 34 27 19 61 60 15 20 48 50 46 15 58 56 72 41 79 11 14 53 66 49 8 11 52 16 45 52 33 38 34 0 88 53 2 36 38 64 29 63 74 21 79 95 13 58 38 19 12 50 51 1 13 68 88 78 87 18 71
46 23 53 81 17 43 57 72 2 31 65 51 15 54 48 38 52 22 58 28 80 10 23 97 79 12 32 15 25 37 100 29 83 15 81 82 82 84 5 16 65 91 52 57 53 43 29 0 25 59 15 60 97 80 81 83 50 83 73 38 58 17 90 46 50 44 67 57 82 77 16 88 50 28 62 69 83 80 63 55 9 0 18 82 52 81 88 41 36 18 18 30 31 13 81 17
28 5 91 100 9 98 63 44 68 78 7 46 53 50 17 49 97 13 0 19 18 90 79 78 23 12 53 54 95 66 84 32 42 93 3 78 47 85 10 34 87 80 88 52 6 58 28 43 4 66 73 43 79 74 60 70 36 18 47 93 65 30 53 55 97 60 19 67 27 29 47 55 43 85 91 91 45 61 80 48 61 11 62 100 17 6 97 71 96 73 76 93 73 94 85 45
69 45 80 8 32 87 34 28 78 24 47 77 90 8 95 11 71 8 97 67 1 88 96 56 95 45 79 54 94 72 2 25 72 9 24 42 93 86 57 84 53 63 18 14 24 15 66 52 98 66 1 97 23 86 78 17 57 0 40 43 14 1 41 61 64 19 70 44 59 32 52 81 7 100 74 12 73 73 10 51 0 18 45 8 86 42 77 68 81 21 77 80 77 69 39 56
54 60 43 67 99 13 94 42 87 12 5 14 87 10 47 45 48 10 43 70 35 22 74 58 96 98 64 85 100 58 91 94 94 43 29 98 14 98 76 97 76 98 87 64 54 42 31 94 23 71 25 43 23 58 59 20 2 47 46 1 14 77 76 62 86 21 18 52 8 83 59 13 100 70 18 61 50 87 20 86 100 45 32 90 26 29 70 17 55 33 98 57 88 77 53 45
40 89 76 69 7 24 42 19 3 0 62 89 83 60 95 95 25 56 36 6 43 9 33 78 38 40 97 37 64 42 43 63 39 84 63 38 90 27 96 59 45 77 8 53 81 19 6 96 56 98 68 20 81 92 94 72 15 34 38 16 37 53 52 0 11 16 85 15 50 52 65 41 38 87 54 30 5 89 49 49 25 25 7 97 13 71 4 96 61 75 69 35 12 53 93 28
11 41 77 87 80 30 42 48 83 0 27 57 49 71 23 68 75 11 57 80 79 97 9 19 37 21 97 18 13 60 99 16 26 37 13 16 24 88 8 73 85 13 2 87 5 86 31 29 79 50 22 0 44 23 31 79 27 94 99 36 26 60 24 2 16 77 66 26 23 32 76 23 69 82 21 55 92 61 100 82 52 7 52 96 72 77 86 46 42 94 94 69 55 38 46 50
51 42 31 76 35 0 76 15 97 35 30 33 94 49 10 73 92 61 69 88 84 40 9 66 27 67 3 14 75 12 94 14 5 14 87 51 65 36 39 26 3 64 47 52 61 38 78 97 79 57 0 96 35 8 59 21 40 15 47 2 53 55 0 54 83 68 50 30 93 60 78 29 74 22 17 7 95 63 73 32 46 100 39 40 76 15 49 43 84 48 35 82 7 50 63 29
44 52 93 99 1 1 83 65 50 93 86 14 75 71 5 38 54 0 21 82 71 5 56 71 22 41 82 65 37 4 34 30 13 81 63 78 0 81 53 72 26 3 66 91 10 71 21 80 1 88 53 40 19 5 67 38 12 4 19 48 66 7 0 86 4 29 96 77 69 90 54 26 68 98 1 65 70 66 87 95 1 86 44 47 91 13 48 84 37 40 90 48 62 45 94 62
69 36 5 24 100 40 30 16 55 11 37 30 17 28 9 2 82 40 6 88 70 68 24 7 100 50 40 9 81 37 45 72 13 18 75 77 26 31 44 42 37 39 42 73 19 76 41 21 18 44 86 59 47 81 92 38 64 95 46 17 8 74 46 43 63 40 4 38 51 31 42 61 12 31 94 3 13 80 54 100 64 84 33 21 94 4 22 45 86 51 27 42 40 95 84 72
79 65 29 11 34 82 8 93 94 53 10 4 21 9 54 85 48 23 91 84 8 66 52 52 97 78 7 45 71 13 47 94 61 0 97 6 87 19 11 74 8 31 48 47 49 48 35 29 87 20 97 12 38 86 30 37 98 11 7 93 86 66 83 36 31 97 34 64 88 95 91 30 100 85 70 23 19 72 12 14 16 100 1 79 78 1 1 89 43 88 76 48 39 17 65 95
98 96 18 77 85 45 9 47 18 50 22 77 13 78 85 5 55 76 41 30 66 23 92 28 59 43 13 72 61 62 33 71 98 63 62 24 61 76 50 1 78 9 59 97 6 52 5 94 63 78 47 21 2 58 3 64 59 16 27 15 31 25 37 64 29 83 7 2 91 98 30 12 0 88 30 96 36 91 100 12 39 43 78 4 60 67 78 75 75 83 66 64 49 25 28 61
27 42 19 18 22 93 80 76 92 31 22 25 61 48 10 39 95 41 75 84 24 98 49 18 21 51 3 5 88 61 0 14 82 53 93 85 65 48 45 95 47 83 44 68 77 90 94 91 11 41 56 72 84 59 96 45 66 26 19 31 15 78 81 36 28 36 35 14 77 33 7 76 81 12 22 18 19 81 10 24 67 2 94 97 91 43 90 10 87 85 8 0 94 3 47 34
42 0 57 18 92 7 35 65 65 85 90 45 92 77 55 87 84 49 24 29 2 23 85 49 25 76 83 20 53 95 30 77 62 18 62 38 5 80 70 68 87 58 8 32 24 28 15 75 84 57 30 40 99 70 38 34 7 4 33 52 93 45 55 69 16 57 4 3 76 84 98 66 86 12 96 10 78 85 83 50 25 21 0 77 20 6 30 16 70 83 48 11 45 20 65 26
0 49 74 28 81 61 52 82 35 45 68 43 83 80 30 52 7 76 74 43 22 77 74 86 35 37 4 49 84 55 79 96 85 83 24 68 11 19 100 73 78 49 28 19 100 3 83 24 41 18 11 23 5 78 67 24 32 92 34 80 31 90 43 96 52 86 68 11 5 70 28 42 2 75 90 78 87 16 15 94 51 24 3 22 62 78 19 32 70 44 40 9 20 2 25 94
8 15 75 91 18 49 59 40 21 27 67 27 53 34 7 80 96 23 99 6 3 15 7 79 100 38 70 97 69 14 58 70 63 3 77 80 17 78 14 66 86 89 60 26 75 81 31 47 66 69 36 68 3 4 96 79 42 37 66 34 96 68 7 86 58 34 69 21 18 11 18 59 10 1 45 9 2 42 33 54 20 97 70 86 8 98 59 35 34 92 0 21 66 88 48 43
92 97 28 13 40 56 11 95 43 8 7 4 35 13 86 100 6 55 20 92 54 52 26 94 38 72 11 24 42 30 82 37 59 92 21 77 56 39 65 46 22 35 81 12 20 100 48 98 44 6 72 37 78 32 12 49 38 90 89 36 46 90 96 49 23 85 73 88 50 97 11 62 81 41 52 86 82 23 52 58 79 42 32 3 94 10 75 98 71 26 93 79 42 93 51 0
57 49 97 57 65 45 99 84 87 87 99 48 88 96 34 18 13 51 57 84 2 2 11 50 41 72 97 52 9 95 78 76 89 91 91 42 42 50 21 47 30 62 8 14 54 66 29 53 38 10 24 20 48 2 31 43 67 90 36 80 58 85 83 30 12 84 39 85 94 80 56 26 88 38 17 52 45 97 12 28 21 17 1 16 80 62 32 6 79 47 45 59 15 73 68 42
39 100 37 93 52 66 99 36 6 17 63 79 94 49 21 83 38 41 92 59 89 92 59 20 19 85 64 98 85 94 13 2 2 71 43 83 60 23 7 26 92 88 31 10 27 39 50 67 60 17 69 50 93 33 1 80 47 31 45 8 23 62 35 6 67 55 67 61 67 49 32 55 90 75 20 93 30 34 86 55 13 72 86 35 21 48 83 43 6 8 85 67 59 6 71 76
21 6 25 70 26 36 65 41 82 45 12 10 81 22 3 76 42 74 43 84 31 100 20 95 83 16 42 10 83 21 60 9 75 71 36 84 18 84 80 14 6 11 10 100 22 48 27 35 77 29 49 21 27 27 16 4 50 65 20 21 98 95 31 77 53 90 9 92 70 84 81 11 25 87 52 31 50 0 69 9 48 87 42 35 92 83 38 67 38 5 12 80 79 70 77 33
37 93 43 41 6 95 38 70 13 42 56 1 59 62 91 12 98 43 87 95 48 70 30 36 91 21 98 35 11 55 41 20 14 87 74 13 53 93 20 49 32 80 86 46 12 63 21 40 41 54 20 30 57 59 27 18 8 64 61 25 94 67 87 31 90 32 16 79 22 41 65 63 47 13 58 29 99 21 57 65 5 35 53 80 31 30 7 85 64 2 94 63 20 6 84 53
13 69 21 10 49 42 98 20 10 10 67 36 35 56 3 78 43 78 34 90 1 89 96 37 34 69 52 11 23 87 96 86 99 85 79 74 23 97 85 65 60 14 62 88 7 8 93 58 66 37 16 6 22 69 84 75 28 6 63 24 11 54 73 38 72 24 27 10 27 98 14 6 88 43 95 100 3 60 73 69 42 37 25 6 3 57 2 93 84 1 33 7 26 31 40 54
94 30 75 99 86 10 32 89 95 98 14 26 45 75 88 19 45 69 2 42 12 89 89 83 80 67 36 31 82 16 53 28 67 61 67 24 14 42 27 4 64 56 69 39 26 40 16 47 51 89 72 0 69 18 57 86 26 78 14 36 53 66 9 69 45 8 21 71 21 86 70 43 32 77 6 12 29 85 25 63 72 33 3 95 37 6 75 98 87 54 59 44 25 21 77 71
48 56 67 86 53 55 75 31 82 83 91 11 86 69 80 85 85 46 66 80 38 91 98 13 47 49 1 20 79 86 35 49 100 27 40 73 80 37 36 34 12 38 36 61 15 25 82 38 53 74 75 38 86 70 87 48 76 37 47 63 81 38 80 69 78 58 100 89 87 37 32 79 98 34 26 79 96 31 35 35 37 24 97 90 73 23 74 31 53 44 79 76 37 6 18 53
45 29 85 57 87 95 79 69 84 26 52 97 61 91 33 30 48 16 33 21 4 59 28 6 60 10 86 35 30 12 69 90 11 27 57 34 32 28 73 84 31 0 47 69 22 21 65 52 20 98 64 71 18 7 78 61 70 33 17 21 30 94 98 43 99 68 69 11 48 51 53 96 9 64 21 34 39 72 24 48 95 88 0 44 35 63 51 0 79 18 55 20 32 11 23 39
18 94 21 7 87 18 47 63 15 15 28 47 3 98 3 19 98 44 26 0 81 10 80 26 93 33 95 33 33 94 98 11 68 62 44 98 87 31 39 39 97 64 16 41 34 43 77 26 58 96 5 88 78 81 22 75 62 22 87 63 68 50 60 33 68 97 49 88 80 59 67 35 66 13 66 63 9 19 11 43 20 69 46 65 67 60 5 19 61 32 8 30 47 5 95 35
63 78 19 69 33 26 20 8 57 85 61 48 97 100 60 65 26 66 89 51 72 61 3 61 79 53 57 82 65 52 42 59 80 45 4 19 18 65 90 14 88 10 66 77 31 83 82 64 68 23 12 20 25 100 74 94 93 40 55 46 62 48 78 18 95 94 58 38 2 75 46 0 32 43 37 95 24 94 66 3 96 69 2 71 88 83 13 68 45 29 32 54 29 94 43 49
23 9 11 14 49 85 71 10 78 84 14 26 100 3 81 3 73 4 63 56 9 81 88 47 8 8 48 42 56 13 89 60 12 5 43 5 13 39 75 45 18 88 84 62 91 18 19 71 55 89 64 95 90 98 73 17 6 9 96 69 51 91 15 92 96 26 19 100 0 91 30 42 25 82 48 33 9 36 13 29 13 79 30 100 17 85 38 84 27 46 50 42 41 40 50 95
