1230
175
7
74 34 59 27 85 69 43
48 33 81 95 36 61 4
2 20 4 80 57 40 89
7 94 80 24 42 8 0
12 7 89 56 66 92 39
95 3 64 1 19 87 47
9 38 87 77 53 60 56
64 43 89 71 19 19 69
28 51 42 23 35 67 22
2 71 33 15 48 2 46
32 11 49 84 54 27 51
37 27 89 18 35 29 98
75 100 72 57 94 51 83
13 81 15 1 5 100 59
48 24 14 78 63 41 1
31 58 8 47 89 39 84
49 84 5 63 26 27 28
86 29 6 47 30 41 28
74 43 1 50 27 65 17
100 94 9 62 42 79 1
31 33 13 7 7 9 47
42 40 43 99 31 71 50
43 53 16 24 26 8 94
45 48 5 15 14 40 29
25 94 97 95 68 36 14
82 91 34 38 66 8 63
44 58 37 54 84 21 84
71 9 40 62 60 55 37
22 48 68 70 7 0 94
31 7 71 90 18 98 46
15 65 36 10 44 41 10
72 81 0 89 27 93 43
42 7 45 27 20 31 92
9 21 48 53 66 83 54
8 21 69 72 32 97 56
26 60 27 63 30 19 42
31 88 37 84 68 60 52
17 94 8 60 21 69 33
14 75 43 91 56 19 9
78 30 22 2 54 73 14
72 76 32 85 3 46 61
14 98 51 42 81 31 72
36 55 63 37 39 30 6
65 36 89 6 99 12 34
49 74 75 100 81 39 93
84 9 34 53 16 48 100
2 37 72 89 54 32 16
20 54 74 65 19 49 81
62 41 78 77 82 99 2
100 57 96 3 53 9 25
67 85 32 99 100 9 19
30 48 16 16 28 32 46
39 20 72 37 6 99 47
10 60 11 58 19 20 7
49 84 100 59 5 11 3
8 22 67 29 55 9 81
75 79 72 95 22 3 79
50 58 49 70 90 45 65
71 71 60 95 13 24 70
0 86 17 20 45 18 16
95 37 69 3 89 9 85
100 49 10 89 48 31 92
16 87 22 28 90 27 64
43 94 17 2 58 36 22
70 9 96 3 58 86 63
69 42 56 21 6 94 33
59 82 86 3 59 19 19
98 70 17 45 5 40 71
42 26 56 48 97 52 8
6 31 18 93 23 48 16
86 14 2 84 87 16 42
2 6 94 56 3 0 47
67 34 47 13 10 75 78
47 90 62 41 21 62 35
20 1 52 89 59 16 8
70 31 49 40 90 61 37
17 6 32 41 77 62 68
8 93 20 45 98 40 88
63 68 29 42 9 41 75
40 34 29 35 78 20 30
55 46 89 58 27 92 61
30 56 68 7 61 94 47
3 43 80 64 58 10 79
22 59 19 69 78 32 32
46 3 42 68 82 48 94
65 94 79 26 91 29 29
9 92 69 53 11 86 59
54 50 38 40 63 1 4
68 0 17 75 92 79 62
17 42 49 42 50 76 100
75 96 13 58 56 83 44
85 72 39 12 2 68 49
72 78 73 99 94 67 21
54 41 69 90 2 31 15
9 1 51 92 78 2 26
55 46 87 6 45 92 27
1 59 37 63 50 72 14
72 48 25 11 82 20 99
96 93 1 95 62 15 71
11 81 18 30 27 25 13
39 60 90 33 4 20 22
99 69 93 8 17 57 58
50 0 46 3 1 42 18
81 96 89 67 29 29 82
41 83 46 67 74 18 4
52 97 5 50 78 49 54
63 73 19 20 38 64 65
84 0 22 86 31 53 62
3 59 100 7 87 0 56
55 82 91 23 47 60 62
88 52 66 65 47 9 76
72 14 26 38 79 82 66
44 19 93 78 36 42 59
94 59 86 86 38 58 15
4 64 2 19 47 20 12
16 25 32 100 73 58 40
27 58 89 9 72 81 6
12 76 54 85 2 89 1
60 68 69 80 17 46 87
34 85 76 95 64 38 0
56 66 59 9 60 43 8
49 62 52 62 82 12 1
86 91 92 31 63 14 11
67 82 34 27 38 80 93
61 32 58 53 54 94 44
13 57 18 38 3 95 17
94 92 15 100 89 27 9
95 90 93 82 84 20 81
41 16 31 68 49 63 19
81 59 77 59 52 97 31
76 16 76 23 64 75 97
59 46 33 53 85 70 30
98 38 42 54 38 75 22
50 44 89 37 92 94 15
16 83 88 0 52 94 78
85 61 67 16 61 85 34
39 47 7 57 40 32 87
85 57 18 27 7 48 25
74 79 62 29 2 58 90
30 95 68 16 35 94 30
2 91 91 52 74 88 86
11 59 96 74 64 9 62
14 82 44 84 80 17 2
70 70 93 57 73 15 50
99 2 18 94 7 64 52
39 35 2 48 93 37 84
58 93 14 49 30 43 29
65 92 100 78 51 86 26
14 12 53 80 37 53 59
75 55 81 94 78 79 16
75 28 76 48 27 100 38
51 7 62 86 59 6 67
91 67 35 26 76 69 43
44 25 4 41 5 35 66
88 42 72 10 89 7 51
71 70 59 26 62 20 42
99 66 76 12 78 84 89
11 79 39 61 68 10 57
98 13 63 57 99 74 39
28 48 93 11 75 49 7
85 57 49 54 48 91 86
78 41 2 85 41 18 93
75 55 25 50 88 63 91
26 19 35 17 48 20 88
59 45 28 70 54 72 89
0 45 42 84 97 55 9
47 100 74 25 63 53 43
12 10 52 90 13 94 2
63 25 98 78 100 71 40
93 36 66 56 43 70 88
1 27 46 36 86 89 72
63 76 90 1 2 44 1
96 27 66 72 16 4 61
31 73 49 69 21 47 63
51 78 19 91 21 5 23
