3
2
0 1 1
0 2 1

4
3
0 1 1
0 2 1
1 3 1

0 1 1 0 
1 0 0 1
1 0 0 0 
0 1 0 0 

7
8
0 1 1 
0 4 1
1 6 1
6 5 1
5 3 1
3 4 1
2 4 1
3 6 1


0 1 0 0 1 0 0
1 0 0 0 0 0 1
0 0 0 0 1 0 0
0 0 0 0 1 1 1
1 0 1 1 0 0 0 
0 0 0 1 0 0 1
0 1 0 1 0 1 0


5
5
0 1 1
0 2 1
1 4 1
0 3 1
2 1 1

9
8
0 1 1
1 8 1
1 2 1
2 3 1
1 5 1
2 4 1
1 6 1
8 7 1


9
11
0 1 5
0 5 4
1 6 6
1 4 4
1 2 2
1 3 7
2 4 1
2 3 8
3 7 10
3 8 3
4 8 3

6
7
3
0 1 2
0 2 1
1 5 1
1 4 8
4 5 7
5 3 3
2 3 20
